1 2.4046466 29.409403324127197
2 2.3590631 29.25780749320984
3 2.335746 29.177023887634277
4 2.3162022 29.23138928413391
5 2.2982137 29.216917276382446
6 2.284125 29.30349349975586
7 2.2734761 29.365906715393066
8 2.2641292 29.39344596862793
9 2.2500615 29.219908475875854
10 2.23121 29.263304233551025
11 2.2164948 29.22389841079712
12 2.2048092 29.030925273895264
13 2.1952665 29.075775384902954
14 2.1878169 29.20893931388855
15 2.1787467 29.18300700187683
16 2.16846 29.200961112976074
17 2.1606188 29.176494121551514
18 2.1545432 29.256810665130615
19 2.1482317 29.169044494628906
20 2.1437452 29.094751596450806
1 2.4008894 29.45683765411377
2 2.34957 29.427644968032837
3 2.3282914 29.266845703125
4 2.3102658 29.295045375823975
5 2.288393 29.25290822982788
6 2.2658503 29.37581753730774
7 2.248137 29.322972536087036
8 2.2341926 29.08039164543152
9 2.2227738 29.46397829055786
10 2.2120507 29.343860864639282
1 0.18483613 26.60759449005127
2 0.1730432 26.355424880981445
3 0.16538475 26.335042238235474
4 0.1608089 26.43334197998047
5 0.15784739 26.46874451637268
6 0.15538146 26.51480984687805
7 0.15264806 26.4713077545166
8 0.1506667 26.659416913986206
9 0.14918177 26.495126485824585
10 0.14788873 26.394505500793457
1 0.1875951 26.910982847213745
1 0.18520126 26.56894326210022
1 0.18654218 26.54002094268799
2 0.1737765 26.438292741775513
1 0.1690195 26.514118671417236
2 0.15277949 26.37445592880249
1 0.2537748 26.56993317604065
2 0.2381333 26.309630870819092
1 0.40167153 26.10118842124939
2 0.3839286 25.726192235946655
3 0.36849147 25.80398416519165
4 0.35522 25.891749620437622
5 0.34388524 25.722158432006836
1 0.305802 25.96053385734558
2 0.28889143 25.646405696868896
3 0.27440304 25.77805233001709
4 0.2620953 25.834934949874878
5 0.2516857 25.562628746032715
6 0.24289575 25.525697469711304
1 0.3061481 25.651400566101074
2 0.2918205 25.23447895050049
1 0.08549863 26.735466480255127
1 0.08527088 1370.588613986969
2 0.085269116 1339.0160841941833
3 0.08526749 1337.1502442359924
4 0.08526572 1332.0977244377136
5 0.08526462 1332.8715760707855
6 0.08526274 1331.4964926242828
7 0.08526148 1336.1250915527344
1 0.08552684 21.40172529220581
2 0.085526645 21.16240119934082
1 0.09539962 7.280428409576416
1 0.09507604 7.1920881271362305
2 0.086381115 6.998987436294556
3 0.08589209 6.99623441696167
4 0.078845 6.982091188430786
5 0.041989293 7.132548809051514
6 0.025494443 7.013370513916016
7 0.018525032 6.972640752792358
8 0.014284445 6.9948272705078125
9 0.011800202 7.094647169113159
10 0.010140723 6.964758396148682
1 0.09463741 7.196676969528198
2 0.08639612 6.9703710079193115
3 0.08590222 6.973431348800659
4 0.08574027 6.956018924713135
5 0.0856551 6.968295574188232
6 0.085607894 7.166485548019409
7 0.085574925 6.956745386123657
8 0.08555382 6.94243311882019
9 0.08553625 6.90979528427124
10 0.08553206 6.95227837562561
11 0.08552121 6.974501609802246
12 0.08552554 6.946126937866211
13 0.07833047 6.949687480926514
14 0.037102513 6.959697961807251
15 0.018841086 6.98663854598999
16 0.013050655 6.93950891494751
17 0.010274032 6.960158586502075
18 0.008590821 6.961418151855469
19 0.0071949796 7.054555654525757
20 0.006489719 7.045358180999756
1 0.073149286 1.639012336730957
2 0.050480194 1.3713815212249756
3 0.045391016 1.3584575653076172
4 0.043475524 1.3521842956542969
5 0.04191606 1.3459522724151611
6 0.040328883 1.3548789024353027
7 0.03853037 1.355276107788086
8 0.03677534 1.3497307300567627
9 0.035050552 1.3551204204559326
10 0.033137806 1.3358047008514404
11 0.031482138 1.353280782699585
12 0.02999757 1.3456730842590332
13 0.028906487 1.3424203395843506
14 0.027895931 1.3500754833221436
15 0.02687603 1.3602066040039062
16 0.026050767 1.3592419624328613
17 0.025231719 1.3354237079620361
18 0.024295839 1.345292329788208
19 0.023541987 1.3591887950897217
20 0.022944808 1.364689826965332
1 0.07257758 1.601806640625
2 0.05097839 1.3543546199798584
3 0.045403738 1.3436169624328613
4 0.042462055 1.3542463779449463
5 0.039733667 1.35158109664917
6 0.037176687 1.3575716018676758
7 0.035101444 1.3584144115447998
8 0.033411272 1.34483003616333
9 0.03173986 1.3616888523101807
10 0.030374797 1.3367891311645508
11 0.028960563 1.3549926280975342
12 0.02775112 1.3500540256500244
13 0.026745562 1.3530287742614746
14 0.025638308 1.3529808521270752
15 0.024719752 1.3625669479370117
16 0.023836823 1.3559346199035645
17 0.022861905 1.3427066802978516
18 0.021989448 1.3566484451293945
19 0.021170385 1.3531980514526367
20 0.020351775 1.3705356121063232
21 0.019510923 1.3532936573028564
22 0.018983636 1.3540565967559814
23 0.018176958 1.3605868816375732
24 0.017645767 1.3354923725128174
25 0.016977115 1.3507068157196045
26 0.016358633 1.3507330417633057
27 0.015923323 1.3534319400787354
28 0.015350576 1.3451557159423828
29 0.014866608 1.3403968811035156
30 0.014382209 1.3458073139190674
31 0.014000714 1.3437914848327637
32 0.013534723 1.352400541305542
33 0.013231164 1.3529407978057861
34 0.012973002 1.3573758602142334
35 0.012516862 1.3523383140563965
36 0.012227231 1.356957197189331
37 0.011988448 1.3596398830413818
38 0.011665384 1.3494243621826172
39 0.011347917 1.3958210945129395
40 0.011197449 1.3647973537445068
41 0.010911711 1.357109546661377
42 0.010786275 1.3546974658966064
43 0.01043563 1.351938009262085
44 0.010331808 1.3446018695831299
45 0.010041326 1.3550946712493896
46 0.009834777 1.349320888519287
47 0.009719039 1.3554081916809082
48 0.009564827 1.3543322086334229
49 0.009433705 1.3460054397583008
50 0.009293171 1.3574411869049072
1 0.07498092 6.3307945728302
2 0.053855885 5.935974359512329
3 0.049991176 5.953789710998535
4 0.04724838 5.97898530960083
5 0.04301849 5.955857992172241
6 0.038175464 5.9385504722595215
7 0.03403952 6.013318300247192
8 0.03017139 6.037008762359619
9 0.026503835 5.950755834579468
10 0.02384783 5.9460108280181885
11 0.022028767 5.978032827377319
12 0.020611452 6.016613721847534
13 0.019475551 5.974880218505859
14 0.018489912 6.000974655151367
15 0.017546646 5.9222412109375
16 0.016673753 5.985885143280029
17 0.015867809 5.949434280395508
18 0.014982414 5.916476011276245
19 0.014289926 5.9538328647613525
20 0.013577182 5.993757247924805
21 0.013146679 5.90747332572937
22 0.012395017 5.9608869552612305
23 0.011964981 5.9246790409088135
24 0.011593092 6.000721454620361
25 0.011216606 5.965132713317871
26 0.010796998 5.908511161804199
27 0.010451579 5.9438018798828125
28 0.01015308 5.905242919921875
29 0.009905834 5.924943208694458
30 0.009670728 5.899837017059326
31 0.009467352 5.917291164398193
32 0.009183621 5.872480869293213
33 0.00908006 5.947934627532959
34 0.008828913 5.921905994415283
35 0.008661955 5.888654708862305
36 0.008474595 5.907840967178345
37 0.008294143 5.899308204650879
38 0.008168274 5.968641757965088
39 0.008036806 5.926563739776611
40 0.007880472 5.969407558441162
41 0.007775635 5.931220293045044
42 0.007661792 5.981354236602783
43 0.007553305 5.938804864883423
44 0.0073887855 6.132429361343384
45 0.007245748 5.976009368896484
46 0.0071734004 6.036046981811523
47 0.007079833 6.024679183959961
48 0.006975147 5.920143127441406
49 0.0068719424 5.947795629501343
50 0.0068809716 5.939846038818359
1 0.0 2.581812620162964
1 0.0 6.110374450683594
1 0.0 6.092160701751709
1 0.0 6.1074607372283936
2 0.0 5.853695869445801
3 0.0 5.834960460662842
4 0.0 5.8497138023376465
5 0.0 5.857491493225098
6 0.0 5.9074084758758545
1 0.0 6.438572406768799
2 0.0 6.252572774887085
3 0.0 5.991965293884277
4 0.0 6.01066517829895
5 0.0 6.101848125457764
6 0.0 6.013111114501953
7 0.0 6.0522260665893555
8 0.0 5.99440336227417
1 0.0 6.534066677093506
2 0.0 6.1246185302734375
3 0.0 6.153541803359985
4 0.0 6.113648891448975
5 0.0 6.130573749542236
6 0.0 6.137585163116455
7 0.0 6.14556360244751
8 0.0 6.088714361190796
9 0.0 6.131570816040039
10 0.0 6.120629549026489
1 0.0 6.350017547607422
2 0.0 6.136587619781494
3 0.0 6.1455607414245605
4 0.0 6.100683689117432
5 0.0 6.112650394439697
6 0.0 6.137548446655273
7 0.0 6.101681470870972
8 0.0 6.1525444984436035
9 0.0 6.126612424850464
10 0.0 6.113615036010742
11 0.0 6.0936689376831055
12 0.0 6.0827317237854
13 0.0 6.099652528762817
14 0.0 6.1266090869903564
15 0.0 6.1212286949157715
16 0.0 6.1156439781188965
17 0.0 6.113679647445679
18 0.0 6.113647937774658
19 0.0 6.131600379943848
20 0.0 6.120605707168579
21 0.0 6.097690582275391
22 0.0 6.119631290435791
23 0.0 6.107664585113525
24 0.0 6.108660459518433
25 0.0 6.127612352371216
26 0.0 6.125614881515503
27 0.0 6.090709924697876
28 0.0 6.153516530990601
29 0.0 6.122624635696411
30 0.0 6.10222053527832
1 0.0745541 5.942107677459717
2 0.05171435 5.661827802658081
3 0.039782118 5.653878688812256
4 0.032611936 5.659862279891968
5 0.027340448 5.623924970626831
6 0.023596866 5.617973327636719
7 0.021346707 5.632935047149658
8 0.019797852 5.617975234985352
1 0.06459182 5.221035718917847
2 0.04181233 5.030510902404785
3 0.0316497 5.063457250595093
4 0.028115818 5.11229395866394
5 0.026484294 5.211062431335449
6 0.02547972 5.1841349601745605
7 0.024687335 4.980646371841431
8 0.024012838 5.002620220184326
1 0.0 6.342999219894409
2 0.0 6.046827793121338
3 0.0 6.0996856689453125
4 0.0 6.09370231628418
5 0.0 6.058795690536499
6 0.0 6.070763111114502
7 0.0 6.078741073608398
8 0.0 6.105669975280762
9 0.0 6.049819231033325
10 0.0 6.103675365447998
11 0.0 6.083729028701782
12 0.0 6.056800127029419
13 0.0 6.096694231033325
14 0.0 6.118634939193726
15 0.0 6.052811861038208
16 0.0 6.07774543762207
17 0.0 6.062784910202026
18 0.0 6.040843486785889
19 0.0 6.108661890029907
20 0.0 6.067771673202515
21 0.0 6.074753284454346
22 0.0 6.0747528076171875
23 0.0 6.070763349533081
24 0.0 6.116640090942383
25 0.0 6.054805278778076
26 0.0 6.075750112533569
27 0.0 6.055803537368774
28 0.0 6.093701124191284
29 0.0 6.0737550258636475
30 0.0 6.138581991195679
31 0.0 6.252276659011841
32 0.0 6.367966413497925
33 0.0 6.405867338180542
34 0.0 6.179471492767334
35 0.0 6.4407734870910645
36 0.0 6.164511680603027
37 0.0 6.39984130859375
38 0.0 6.4278082847595215
39 0.0 7.041167736053467
40 0.0 6.497621297836304
41 0.0 6.664175510406494
42 0.0 6.731994390487671
43 0.0 6.531530857086182
44 0.0 6.694095849990845
45 0.0 6.405867099761963
46 0.0 6.214379072189331
47 0.0 6.191439867019653
48 0.0 6.157530784606934
49 0.0 6.719029426574707
50 0.0 6.310122966766357
51 0.0 6.809787273406982
52 0.0 6.369962692260742
53 0.0 6.208395004272461
54 0.0 6.365973472595215
55 0.0 6.391903638839722
56 0.0 6.709577560424805
57 0.0 6.36397910118103
58 0.0 6.458726406097412
59 0.0 6.125616788864136
60 0.0 6.141574382781982
1 0.0 8.68233847618103
2 0.0 8.378964900970459
3 0.0 8.340079307556152
4 0.0 8.326633930206299
5 0.0 8.557064771652222
6 0.0 8.487685203552246
7 0.0 8.538681030273438
8 0.0 8.451428651809692
9 0.0 8.249782800674438
10 0.0 8.66139554977417
1 0.0 18.15609335899353
1 0.0 18.076874256134033
2 0.0 18.097679376602173
1 0.0 18.21878981590271
2 0.0 17.78496026992798
3 0.0 17.943295001983643
4 0.0 17.923225164413452
5 0.0 17.99010682106018
6 0.0 17.75143599510193
7 0.0 17.88046956062317
8 0.0 17.836076974868774
9 0.0 17.852740049362183
10 0.0 17.834805727005005
1 0.0 18.157932996749878
2 0.0 17.81275725364685
3 0.0 17.90946054458618
4 0.0 17.899017572402954
5 0.0 17.989151000976562
6 0.0 18.049639463424683
1 0.0 18.09509778022766
2 0.0 17.77282691001892
3 0.0 17.930811882019043
4 0.0 17.93235468864441
5 0.0 17.813292980194092
6 0.0 17.850816011428833
7 0.0 17.84761381149292
8 0.0 17.746679306030273
9 0.0 17.878017902374268
10 0.0 17.849576234817505
11 0.0 17.82299566268921
12 0.0 17.85603094100952
13 0.0 17.78185749053955
14 0.0 17.773594617843628
15 0.0 17.756795406341553
16 0.0 17.705241918563843
17 0.0 17.761367559432983
18 0.0 18.02699065208435
19 0.0 18.238342761993408
20 0.0 18.222009658813477
21 0.0 17.759948253631592
22 0.0 17.802104234695435
23 0.0 19.576190948486328
24 0.0 18.851524829864502
25 0.0 18.756645441055298
26 0.0 19.297125816345215
27 0.0 19.019254446029663
28 0.0 18.70828413963318
29 0.0 18.956262826919556
30 0.0 18.856581926345825
31 0.0 19.507064819335938
32 0.0 18.93332266807556
33 0.0 19.265721082687378
34 0.0 20.50989294052124
35 0.0 18.684297800064087
36 0.0 19.19942855834961
37 0.0 19.105499505996704
38 0.0 18.963762521743774
39 0.0 18.642231941223145
40 0.0 18.66396164894104
41 0.0 19.280089616775513
42 0.0 18.85388445854187
43 0.0 18.697448253631592
44 0.0 18.7045681476593
45 0.0 19.037428855895996
46 0.0 18.362885236740112
47 0.0 18.156766176223755
48 0.0 17.911727905273438
49 0.0 17.7938129901886
50 0.0 18.0128333568573
1 0.0 29.868882656097412
2 0.0 26.429201364517212
3 0.0 27.031838417053223
4 0.0 26.862740993499756
5 0.0 27.334378719329834
6 0.0 27.22108221054077
1 0.0 19.430700540542603
1 0.0 19.231231451034546
2 0.0 19.02395510673523
3 0.0 19.077425479888916
4 0.0 19.201171159744263
5 0.0 19.021629810333252
6 0.0 19.192373514175415
7 0.0 19.020333528518677
8 0.0 18.96169924736023
9 0.0 18.993611335754395
10 0.0 19.01040005683899
11 0.0 18.98234462738037
12 0.0 18.94005298614502
13 0.0 19.004310131072998
14 0.0 19.009881258010864
15 0.0 18.90710473060608
16 0.0 18.897491216659546
17 0.0 20.0750629901886
18 0.0 20.275672674179077
19 0.0 20.324289083480835
20 0.0 20.823270320892334
1 0.074656345 6.764326810836792
2 0.052676596 6.3526928424835205
3 0.042537324 6.37435507774353
1 0.07932653 27.869876861572266
1 0.07818686 28.158852338790894
2 0.041525014 27.448566436767578
1 0.08016637 27.70488142967224
2 0.044377755 27.655014276504517
3 0.030977607 27.453518390655518
4 0.02357622 27.777688026428223
5 0.018653776 27.596203088760376
6 0.015357132 27.722344398498535
7 0.013287202 27.59015130996704
8 0.011831659 27.58217191696167
9 0.010823541 27.779680490493774
10 0.0098409625 27.92928123474121
1 1003.1604 34.65235948562622
1 548.8695 31.861215353012085
2 197.37059 32.053664207458496
1 0.07116466 30.16941809654236
2 0.036881775 29.5045485496521
3 0.021266682 29.923144102096558
4 0.040239524 29.23098587989807
5 0.019993696 29.593046188354492
6 0.0135332085 29.69764256477356
1 0.0685802 30.253249168395996
2 0.037337404 29.600516080856323
3 0.02907188 29.869960069656372
4 0.023671038 29.630472421646118
5 0.013840228 29.75569248199463
6 0.013404535 30.143165349960327
7 0.012760819 29.824517250061035
8 0.008975943 30.387190103530884
9 0.0074832365 30.332493782043457
10 0.006771306 30.235705375671387
1 0.08681845 63.376017570495605
2 0.08610052 61.9490282535553
1 0.086846404 62.566449880599976
2 0.085278586 61.69731855392456
1 0.08651002 61.76070237159729
2 0.08575602 62.01770877838135
3 0.08528045 61.74497580528259
4 0.08367904 61.63325834274292
5 0.085536376 61.34812092781067
6 0.084259406 62.474008560180664
7 0.07798785 62.03832221031189
8 0.06820152 61.50572657585144
9 0.06412982 61.37200474739075
1 0.048583165 73.61276364326477
2 0.019937739 74.2749891281128
3 0.010893836 75.31970572471619
4 0.007229107 74.51729440689087
5 0.005810103 73.91798949241638
6 0.004753855 73.57274842262268
7 0.003946837 74.19274687767029
8 0.003662677 75.21082711219788
9 0.0031866506 75.49044156074524
10 0.002892382 75.05779886245728
1 0.048583165 75.15230560302734
2 0.019937739 75.35482144355774
3 0.010893836 75.56138920783997
4 0.007229107 75.63498711585999
5 0.005810103 77.5793206691742
6 0.004753855 77.49402737617493
7 0.003946837 77.20887160301208
8 0.003662677 77.34208965301514
9 0.0031866506 77.55914759635925
10 0.002892382 77.34951949119568
1 0.048583165 76.07384157180786
1 1.7485436 80.50802779197693
1 2.3329928 78.82804322242737
1 1.7485436 79.62875556945801
2 1.1839144 78.49592852592468
3 1.0146056 78.28571462631226
4 0.9219245 78.92988228797913
1 1.7485436 84.30710935592651
2 1.1839144 74.4716203212738
1 1.7485436 73.3927161693573
2 1.1839144 76.58226370811462
1 1.8189162 73.79123306274414
